0
121.588984
43048
1 2 2 2 4 8 14 22 34 56 112 192 384 516 546 1092 1254 2508 1924 1840 1240 1707 1720 2221 4442 3194 3525 7050 5362 776 776 67 134 65 130 83 15 10 13 3 2 

1
72.402755
40150
1 2 3 6 3 6 12 21 42 43 86 63 56 71 71 142 224 129 258 360 199 398 582 965 584 735 1470 2443 2356 1871 1961 1521 3042 1764 1752 1907 1616 2049 4098 1479 2958 1183 1186 255 138 19 17 1 2 

2
12.201651
13585
1 2 2 2 4 6 12 24 26 26 52 78 78 156 147 190 257 514 473 946 581 502 589 587 593 1186 1796 1195 971 847 544 661 402 95 19 19 2 

3
39.625133
32011
1 2 4 8 16 31 62 73 98 196 280 307 402 543 1086 737 1474 795 680 624 891 969 1938 1197 1296 796 1121 2242 1917 3834 1345 1176 1447 1531 1286 1064 279 23 19 10 20 40 29 42 15 15 30 15 3 2 

4
3.646148
6080
1 2 3 6 9 18 29 42 61 122 183 226 144 237 474 423 447 383 383 383 342 388 573 582 177 153 108 121 23 12 15 3 3 1 1 2 

5
9.497685
11560
1 2 3 3 3 2 4 7 10 13 12 15 30 60 105 147 294 261 338 413 826 1374 1756 1313 1155 193 144 288 437 482 529 157 314 458 217 108 21 42 17 3 1 2 

6
934.196150
86925
1 2 3 3 3 6 9 9 9 18 27 54 27 30 39 78 117 234 468 651 1302 2168 2569 5138 5236 5387 6033 5954 7369 14738 11803 11876 2909 2393 207 19 17 17 2 

7
34.960582
30102
1 2 4 8 15 22 44 77 110 220 235 294 169 118 139 278 556 315 630 816 535 1070 1200 1134 841 1682 2758 1777 1294 1369 1397 922 1061 1032 1253 1248 1545 1492 1815 313 249 23 19 12 3 3 2 
